24163
54249
27651
26179
57809
25846
33439
44863
23285
41858
47685
2340
9148
13598
22804
16372
46807
62829
61267
23353
1094
49610
54298
10212
62761
34181
5998
29089
14986
19537
31213
61913
7343
12764
40348
33708
52576
30639
43140
35404
45233
29574
27495
25118
45709
26504
14438
60996
59732
46149
9550
15063
6646
40586
33767
49742
42689
54563
63251
15738
14509
4479
48199
2514
54162
19828
1031
33906
32544
11765
28686
58795
26700
28165
5737
26710
61179
48232
24445
4795
59060
17247
16874
36002
934
43640
55670
4200
18525
60100
8922
17080
21625
58064
59749
2012
5016
28208
20673
52879
14344
44661
37419
25943
18594
36543
56603
22622
44707
24817
33366
5122
44620
3730
53823
17761
520
28245
47697
21835
45403
58109
32161
289
22956
11322
42486
62417
19999
60312
32095
8072
10213
26564
40277
30904
45224
3107
64391
31154
44918
35766
36904
20840
42615
55772
1757
47006
60358
6955
52115
11677
54139
20492
32135
17908
54307
33013
36515
41251
3172
44606
27688
50926
16323
14750
55719
38340
37101
51126
33066
4257
50834
45728
10582
59855
14712
693
57981
37698
1940
45234
39228
23287
9322
56944
44704
45159
29592
11928
6581
57023
58291
4967
57672
17438
4414
12984
57502
56892
17887
25744
26663
56245
22656
28350
46001
25960
37520
13973
35089
62146
56763
17112
38172
33560
44359
18767
58440
18846
24240
43973
18096
52528
12194
28255
13109
1038
21259
8189
8963
46401
65000
44235
33695
31664
31156
15831
9642
58964
54458
14497
63349
13462
36667
28886
8001
64674
64438
35878
9513
45087
58183
25460
37201
39779
46282
17806
32549
30057
20718
16579
58440
15939
44706
9464
12355
35655
59405
48182
46920
5539
36068
3386
37051
63274
166
39385
42189
48319
54682
43139
14319
11255
33847
20488
21112
18698
26231
6016
3636
44990
61195
61516
16021
55178
53181
35409
52941
11727
40315
5292
25673
65221
15634
32189
7700
51407
41018
26686
51367
36126
58339
31215
29791
9257
6782
24806
41683
58880
12389
19677
19961
16968
45488
52370
40681
58825
10658
35351
62741
26855
20758
38226
23177
59622
32944
52474
19732
27957
58024
33813
33964
18525
60217
8307
35300
59126
23391
54683
49602
56210
20317
27881
16079
42323
9278
29715
38346
3628
37989
40559
50067
60437
37059
6115
23909
53763
64420
62982
15663
6649
18274
39273
58086
31060
47576
20490
54466
12300
27155
7201
59568
39477
16067
33502
58310
60357
62362
12253
31738
26430
14764
31741
15478
39861
49697
15851
15100
40232
50920
45380
1094
47818
24054
54161
58507
37068
17504
7669
62535
33801
38928
24377
51816
41472
56051
50650
36665
9353
50364
17653
13780
11321
34240
5758
44747
48724
43129
45703
50627
40529
58129
31404
48737
57081
47297
40959
8469
1707
53957
35819
6122
10585
45044
51484
23234
35924
8123
14241
14063
39558
3452
34792
45243
57912
54916
32439
21225
21675
56334
13715
22937
20311
62849
9275
41431
21299
25487
27612
23112
24677
34775
19054
34173
2573
62087
40832
50284
38499
24385
54890
58615
7579
43890
63568
33381
50487
56921
46724
53612
17846
47605
34632
45789
62958
62668
33506
65165
2153
21702
39842
47147
5498
3629
50568
29596
15000
56232
9778
55600
5701
19574
3148
24223
15988
17601
57212
29209
64190
55148
65107
6748
46957
27965
55076
34333
63709
41089
42073
59804
15513
41262
60280
12131
12604
35915
40796
33034
59528
14706
38441
29663
28263
11760
10394
49523
35413
1845
13668
24577
6722
8076
13521
43931
30942
26842
50738
12276
26542
3631
13604
58696
64157
27675
31519
12375
49440
8952
61185
24384
40022
57474
41193
20951
7425
21001
2690
61481
17613
61630
20584
57973
33095
34233
14076
461
15265
55006
38009
46423
34374
36177
54327
36848
5622
55063
22978
3615
10476
48198
46318
46000
3975
30690
46025
27185
62009
40536
51624
26483
54410
61294
15519
9684
40629
33129
9497
48282
21330
14334
5642
9254
20612
12165
53681
54873
29924
15966
51372
38383
32946
22476
10473
3444
24711
23561
35612
56557
27426
35182
39670
40019
10426
60970
10138
3539
42422
23121
41260
23986
28815
52699
395
31458
48043
64502
5123
58562
42508
28885
49647
14401
26119
35495
59819
458
42183
14923
19638
31541
62026
58715
51955
10411
11802
57499
6272
44374
62127
50244
34524
2926
36200
56633
62556
52161
634
53362
9654
59636
5170
61648
7092
61288
40132
10778
11749
5513
64036
37225
48819
3807
21240
18594
40849
8089
42721
3279
62890
44007
1161
49161
49168
37233
50525
33317
25236
62959
9411
34466
12174
7669
51040
32169
63407
6895
26957
20941
32200
3724
11038
52791
47182
7184
40300
22453
22301
29302
57855
13875
35817
41231
5036
43804
48657
35158
29577
22493
39621
65090
49259
61764
46718
10754
65334
25351
40640
26221
43184
57433
65147
16188
37950
44997
51628
20966
56102
55552
41985
28758
22812
31347
11706
18675
22897
6410
7359
25044
52730
3428
14217
3514
17535
617
25895
8156
58879
2215
7647
7695
31123
47394
34386
29080
61413
41886
63644
53094
17474
18883
53143
58239
50904
38241
6519
56901
35650
41522
45378
37851
9461
23095
63408
21172
50178
38907
1164
41476
58810
19164
60249
21305
51884
8057
19334
24086
12943
20731
49244
4735
23322
2820
19407
16945
50447
33297
19949
3185
53357
51457
35860
33174
41754
10954
26381
51064
54636
46898
25804
48598
17364
13908
64860
42421
9389
6548
19681
30038
36677
2012
102
10937
56417
31455
50854
54625
54821
12649
61922
17365
34753
53538
13316
9390
19215
1350
26122
19700
20704
56068
4903
30253
48666
53812
37212
25039
24584
52877
43282
4304
56650
21823
48695
10668
5846
20385
55425
15497
31811
10601
53117
15278
11353
37560
31846
9326
57074
61538
53481
38885
15751
37304
52700
14660
44397
57193
32968
56873
24086
422
22766
43902
63169
63886
1988
58328
32241
30487
47172
41627
37718
7805
55403
32454
65193
13730
16169
55253
6116
38244
59437
57994
56117
31784
23189
2276
54493
11991
22040
30049
28967
53714
24540
33205
42021
34129
48732
36854
36124
24266
10353
5361
6271
20340
31578
24123
36541
11155
51235
32412
25591
277
6859
3762
55991
24035
8749
58251
62014
58228
58881
29970
9997
61854
56894
58292
18487
14162
1466
5560
61767
42046
63189
9626
42342
59741
63766
10569
44507
